<?xml version="1.0"?>
<opencv_storage>
<cameraMatrix type_id="opencv-matrix">
  <rows>3</rows>
  <cols>3</cols>
  <dt>d</dt>
  <data>
    8.0880841324853554e+02 0. 3.2460755954468596e+02 0.
    8.0042880811045802e+02 2.1491682725161911e+02 0. 0. 1.</data></cameraMatrix>
<distCoeff type_id="opencv-matrix">
  <rows>1</rows>
  <cols>5</cols>
  <dt>d</dt>
  <data>
    1.4217009095185215e-01 -4.8570901754286950e+00
    6.3450575753914102e-03 -4.8462219344398450e-04
    3.1541715168964252e+01</data></distCoeff>
</opencv_storage>
