<?xml version="1.0"?>
<opencv_storage>
<cameraMatrix type_id="opencv-matrix">
  <rows>3</rows>
  <cols>3</cols>
  <dt>d</dt>
  <data>
    4.0863838034808455e+03 0. 3.1690461872764223e+02 0.
    3.9637307173118202e+03 2.4016153544955026e+02 0. 0. 1.</data></cameraMatrix>
<distCoeff type_id="opencv-matrix">
  <rows>1</rows>
  <cols>5</cols>
  <dt>d</dt>
  <data>
    -8.8754558890730206e-01 8.8707384081281049e+00
    4.5177016190290999e-02 -9.3469280154395464e-03
    4.7617119412665232e-01</data></distCoeff>
</opencv_storage>
